5.26811459399 -0.51946446205 1.47654148579
3.64087106274 -0.318142391295 1.02863284056
-4.06447382325 -0.0401063569014 -1.22736341836
-3.22550901436 -1.99598795863 -1.36685029603
-2.69281179671 -0.242766792579 -0.856396897528
4.67823485377 -0.63489932883 1.27649059036
2.71356119474 1.07955939697 1.02998023781
1.03291088313 2.92529565269 0.894932395475
5.97239077586 0.11981074111 1.81567938098
0.884887937148 1.35405597068 0.536277575281
2.48660875116 -1.96325780102 0.353331065144
-3.31989654282 0.715957236552 -0.852777515537
-5.16457225416 -1.01938971507 -1.75324961926
-4.89231961747 0.961468614966 -1.27540216225
1.61614850534 -1.90850317218 0.103143917166
5.59950503833 -0.256264560502 1.6285985994
5.01643663046 0.556628642714 1.61625671768
5.81563945156 0.0594904777511 1.75658993102
-2.84645751308 -1.64701024608 -1.18333930314
-3.12302041242 -0.599896437651 -1.05688541125
0.509594452007 -1.80656849013 -0.208435362425
5.81504675917 -0.0534983282637 1.7338143621
4.41269990137 -1.93118463423 0.937573043565
4.2483790355 1.03900220641 1.48231415193
5.64048681753 -0.00154126027374 1.6918377932
0.707334896931 0.000154520067398 0.212231373093
2.83616323532 -0.107777067903 0.829293557015
-2.98846880344 2.03290692421 -0.48995925619
0.273342334927 -1.16847726969 -0.151692753459
-5.27048192766 0.338697034096 -1.51340517148
-5.44902342568 1.00599847167 -1.43350733337
-0.423924283314 -0.0546647122008 -0.138110227434
-2.1450106077 -0.00819580364434 -0.64514234304
5.66731069958 -0.177427305428 1.66470774879
5.01671775467 0.337573903931 1.57253010719
4.0375986423 1.16189536932 1.44365866655
-0.490450494569 2.5580288586 0.36447062335
4.26747671487 0.24350915061 1.32894484458
5.75753904788 0.116618031342 1.75058532063
-2.70480057773 -2.35224887828 -1.28188994897
4.39921131646 1.0528241611 1.53032822716
2.42702309258 -2.33440949159 0.261225029458
-4.12423898464 -2.06543961914 -1.65035961922
0.129338694266 2.58468720971 0.555739050221
0.405714617008 -1.05394063476 -0.0890737418506
3.37750673161 -1.39079687963 0.735092643558
1.43505044923 -1.18008193977 0.194498746816
2.53630853118 -1.83878051694 0.393136455966
-2.05684809912 -2.32473200581 -1.0820008309
-5.18828414161 1.12907173815 -1.33067089485
-0.773128540733 -2.64918697165 -0.761775956549
5.45509581704 -0.751564374488 1.48621587021
2.64418179237 -0.00838081583865 0.791578374542
3.34007011132 -0.203378147074 0.961345403981
-5.57968268958 -0.35111798934 -1.74412840474
-3.83577428768 1.54696516769 -0.841339252765
1.19483032955 1.28869163251 0.616187425367
-3.65085399667 0.594451881298 -0.976365822742
3.5269122219 0.0604801669521 1.07016969996
2.16405115428 1.50871381861 0.950958110006
-0.598571013174 2.55761955418 0.331952606884
4.39983167901 0.476094382816 1.41516838027
-0.697411470162 2.60305998279 0.31138855551
3.70762431434 1.12530953444 1.33734920119
3.26532663106 1.17701751355 1.21500149203
-4.87681539835 -0.1682603559 -1.49669669069
4.56116341343 -1.5786097058 1.05262708287
1.25116143972 -2.18071773792 -0.0607951156671
-3.91792540491 -0.357690020437 -1.24691562556
2.87251250423 -2.26009880422 0.409733990427
5.21696954413 1.18658699436 1.80240826211
2.36500715273 1.42942440412 0.995387026644
2.10301756495 1.95325575285 1.02155642006
4.65238511382 -0.834817337942 1.22875206656
3.63389581182 1.15173991346 1.32051672624
5.38693489611 0.505141841903 1.71710883721
4.5783761263 -0.412800386565 1.29095276058
-1.37777055441 1.29466662802 -0.154397840719
-0.605136859429 0.897839145842 -0.00197322866029
2.59008794871 -0.138352742694 0.749355836074
4.20471766514 0.923043353111 1.44602397016
-3.25669188341 2.50620371827 -0.475766821369
-2.42606015586 2.48088653582 -0.231640739593
5.44925646467 -0.160145127896 1.60274791382
3.79296920161 1.79439018497 1.49676879748
-4.40416804263 -0.0951606170895 -1.34028253621
-5.0272186236 0.84277884969 -1.33960981714
2.502622325 1.39285929037 1.02935855557
5.4610245443 -0.0888515639931 1.62053705049
-3.14135820444 -0.0743099023758 -0.957269441806
-0.365460872526 -1.10574537539 -0.330787336836
4.16766556684 -1.81525963982 0.88724774209
-5.74048622151 0.403316943948 -1.64148247766
-3.88994693642 0.152360703005 -1.13651194033
-2.02849638845 -2.00437265541 -1.00942344762
-0.293624965564 1.15406015804 0.14272454194
-5.55316793124 0.85480712397 -1.49498895458
3.38309008289 2.19504763763 1.45393655239
-2.41900764923 0.482121682277 -0.629277958313
-4.70091891618 -0.881341255255 -1.5865439259
-0.721799694652 0.0842433443575 -0.199691239524
2.260500505 0.110794471641 0.700309045829
-5.57588737184 0.0214480645013 -1.66847659865
4.38060696398 -1.07154553767 1.09987298166
4.10430830409 1.17851615402 1.46699572203
-5.68807518681 -0.194576290432 -1.74533781413
2.35123160167 2.52666430875 1.21070234225
2.33337020067 -2.18126109755 0.263758840692
-5.73413363147 -0.780118347754 -1.87626375899
1.27895198149 -1.88704866074 0.006275862299
-5.2936774528 -1.14844532217 -1.81779230028
-1.42024652741 0.466702236683 -0.332733510886
2.45262296355 -1.38432269024 0.458922351016
5.8401750744 0.126867162775 1.77742595487
3.23811184846 -0.387515781549 0.893930398229
-0.453577170091 0.676039690745 -0.000865212878095
2.20972553429 2.44679565474 1.15227679123
0.155354130878 2.45367974158 0.537342187579
5.13375790045 1.02536622636 1.74520061541
3.43099073038 -2.45109984903 0.539077249309
-2.87275747577 2.59017727266 -0.343791788201
-4.77252986911 -1.57541931196 -1.74684282312
4.33067760285 -1.88511433464 0.922180413927
3.44692564616 0.64884199048 1.16384609194
1.97830548482 -0.375668459502 0.518357953545
1.45596074501 -2.38397487323 -0.0400067511431
-1.20810962648 -2.60946916236 -0.884326720415
-5.51831005745 -0.161377772217 -1.68776857168
3.3675709759 0.173920714212 1.04505543561
2.14515400025 2.3312131957 1.10978883921
-5.13135624742 0.891654266313 -1.36107602096
5.48282916247 0.331199551685 1.71108865908
-0.70513142036 1.00608895366 -0.0103216353757
5.49110158225 0.190095952289 1.68534966513
-3.66506030408 -2.32582591491 -1.56468327421
-3.14867635026 0.844925022291 -0.775617900619
-2.26724489721 -0.527701065001 -0.785713682163
-0.620539850821 1.77656389668 0.169150824089
-5.81402897867 0.410365542216 -1.66213558516
-2.46857317404 -0.316167234634 -0.803805399139
-4.45273031312 0.0601331645636 -1.32379246102
-4.15177778786 -0.879897643654 -1.42151286509
-0.426060241715 1.61449018844 0.195079965173
3.62954265711 0.272625359159 1.14338786897
2.90054907522 1.71194991672 1.21255470591
3.24254705731 -0.939099774362 0.784944162322
1.80306242711 -0.536363595011 0.43364600913
-2.7165266191 -1.69591533419 -1.15414105257
-0.00485539862442 -1.54274206849 -0.310005033285
-4.35695572423 1.20600221996 -1.06588627328